sp|Q9NRR4|RNC_HUMAN	Peve_00039041	50.195	1024	434	12	413	1370	627	1640	0.0	1021
sp|Q9UPY3|DICER_HUMAN	Peve_00022943	34.033	1096	615	21	42	1120	30	1034	0.0	599
sp|Q9UPY3|DICER_HUMAN	Peve_00022943	43.280	372	161	9	1552	1912	1202	1534	2.96e-75	278
sp|Q9UPY3|DICER_HUMAN	Peve_00022943	37.815	119	73	1	1284	1402	1053	1170	4.89e-17	88.6
sp|Q9UPY3|DICER_HUMAN	Peve_00022943	36.842	57	29	2	1679	1733	1062	1113	3.3	33.1
sp|Q8WYQ5|DGCR8_HUMAN	Peve_00031717	38.040	347	188	8	435	773	211	538	1.16e-61	217
sp|Q8WYQ5|DGCR8_HUMAN	Peve_00031717	56.000	75	33	0	291	365	1	75	1.18e-19	93.6
sp|O75569|PRKRA_HUMAN	Peve_00005579	34.483	174	102	3	33	206	39	200	5.31e-20	87.0
sp|Q9BXP5|SRRT_HUMAN	Peve_00014560	47.024	504	212	10	369	832	707	1195	6.05e-123	408
sp|Q9BXP5|SRRT_HUMAN	Peve_00014560	41.696	283	136	7	48	310	51	324	7.96e-54	204
sp|Q9HAV4|XPO5_HUMAN	Peve_00032268	33.486	1090	643	28	156	1204	2	1050	1.63e-169	530
sp|Q5T8I9|HENMT_HUMAN	Peve_00023282	45.238	210	111	2	26	231	42	251	3.21e-61	206
sp|Q9UL18|AGO1_HUMAN	Peve_00006288	66.152	842	279	5	21	857	392	1232	0.0	1170
sp|Q9UKV8|AGO2_HUMAN	Peve_00006288	67.095	857	275	6	8	859	378	1232	0.0	1192
sp|Q9SP32|DCL1_ARATH	Peve_00023970	30.866	878	510	27	249	1093	32	845	4.50e-86	312
sp|Q9SP32|DCL1_ARATH	Peve_00023970	34.845	419	219	9	1359	1740	1086	1487	1.58e-59	227
sp|Q9SP32|DCL1_ARATH	Peve_00023970	30.534	131	79	3	1221	1351	887	1005	1.06e-08	60.8
sp|O04492|DRB1_ARATH	Peve_00044098	39.394	66	35	1	103	168	577	637	2.84e-06	49.7
sp|O04492|DRB1_ARATH	Peve_00044098	41.791	67	34	2	17	83	577	638	7.80e-04	42.0
sp|O04492|DRB1_ARATH	Peve_00044098	35.000	80	44	2	16	95	394	465	0.001	41.2
sp|O04492|DRB1_ARATH	Peve_00044098	27.778	144	77	5	9	127	278	419	0.068	35.8
sp|Q9ZVD0|SRRT_ARATH	Peve_00014560	35.294	102	59	1	194	288	150	251	6.13e-11	66.6
sp|Q9ZVD0|SRRT_ARATH	Peve_00014560	28.571	154	90	6	409	550	987	1132	0.011	39.7
sp|Q0WP44|HASTY_ARATH	Peve_00032268	18.699	1107	714	35	152	1164	1	1015	2.05e-14	79.0
sp|Q9C5Q8|HEN1_ARATH	Peve_00023282	34.962	266	143	8	678	929	24	273	3.73e-36	144
sp|O04379|AGO1_ARATH	Peve_00006288	44.100	839	422	14	177	1003	392	1195	0.0	702
sp|Q9ZVD5|AGO4_ARATH	Peve_00006288	34.286	875	472	27	33	877	380	1181	1.42e-133	431
